$ 1 0.000005 10.20027730826997 50 5 50 5e-11
r 672 64 784 192 0 1000
r 576 160 672 288 0 1000
v 624 112 672 64 0 0 40 5 0 0 0.5
v 720 240 752 208 0 0 40 5 0 0 0.5
v 464 288 464 64 0 0 40 17 0 0 0.5
370 624 112 688 160 3 0 0
r 752 208 688 160 0 1000
w 624 112 576 160 0
p 560 64 560 160 3 0 0 10000000
p 784 64 784 160 3 0 0 10000000
w 672 64 560 64 0
w 672 64 784 64 0
w 464 64 560 64 0
w 464 288 672 288 0
370 720 240 672 288 3 0 0
g 464 288 464 352 0 0
w 784 160 784 192 0
w 576 160 560 160 0
w 784 192 752 208 0
