$ 1 0.000005 10.20027730826997 50 5 50 5e-11
r 160 144 336 144 0 1000
r 160 288 336 288 0 1000
r 336 144 336 288 0 1000
v 160 288 160 144 0 0 40 5 0 0 0.5
p 160 96 336 96 3 0 0 10000000
p 384 144 384 288 3 0 0 10000000
p 336 336 160 336 3 0 0 10000000
p 656 144 656 288 3 0 0 10000000
p 816 288 816 144 3 0 0 10000000
p 960 288 960 144 3 0 0 10000000
r 560 144 560 288 0 1000
r 736 144 736 288 0 1000
r 880 144 880 288 0 1000
w 480 144 560 144 0
w 560 144 656 144 0
w 480 288 560 288 0
w 560 288 656 288 0
v 480 144 480 288 0 0 40 5 0 0 0.5
w 656 144 736 144 0
w 656 288 736 288 0
w 736 144 816 144 0
w 816 144 880 144 0
w 880 144 960 144 0
w 880 288 960 288 0
w 816 288 880 288 0
w 816 288 736 288 0
w 384 144 336 144 0
w 336 288 384 288 0
w 336 288 336 336 0
w 160 288 160 336 0
w 160 96 160 144 0
w 336 96 336 144 0
