$ 1 0.000005 10.20027730826997 50 5 43 5e-11
v -160 416 -160 288 0 0 40 24 0 0 0.5
w -160 416 128 416 0
r -48 144 16 144 0 6
r -48 192 16 192 0 6
r -48 240 16 240 0 2
r 96 304 96 368 0 8
r 160 304 160 368 0 12
w -96 192 -96 240 0
w 16 192 16 240 0
w 16 192 128 192 0
w 128 192 128 256 0
w 96 256 128 256 0
w 160 256 128 256 0
w 96 368 128 368 0
w 160 368 128 368 0
w 128 368 128 416 0
w -96 192 -160 192 0
370 96 256 96 304 3 0 0
370 160 256 160 304 3 0 0
370 -96 144 -48 144 3 0 0
370 -96 192 -48 192 3 0 0
370 -96 240 -48 240 3 0 0
370 -160 288 -160 192 3 0 0
g -160 416 -160 496 0 0
w -96 144 -96 112 0
w 16 144 16 112 0
w 160 256 208 256 0
w 160 368 208 368 0
p 208 256 208 368 3 0 0 10000000
p -96 112 16 112 3 0 0 10000000
v 336 400 336 224 0 0 40 24 0 0 0.5
r 560 240 560 400 0 4.5
w 384 224 336 224 0
w 512 224 560 224 0
w 560 224 560 240 0
w 560 400 336 400 0
g 336 400 336 448 0 0
r 384 224 512 224 0 1.2
p 640 240 640 400 3 0 0 10000000
p 384 176 512 176 3 0 0 10000000
w 384 176 384 224 0
w 512 176 512 224 0
w 640 240 560 240 0
w 640 400 560 400 0
w -96 144 -96 192 0
w 16 144 16 192 0
