$ 1 0.000005 10.20027730826997 50 5 50 5e-11
r 624 112 624 224 0 24000
r 688 112 688 224 0 24000
r 656 224 656 368 0 12000
r 1008 240 1008 336 0 9000
r 1072 240 1072 336 0 9000
r 1040 240 1040 112 0 12000
v 848 368 848 176 0 0 40 5 0 0 0.5
370 848 176 848 112 3 0 0
370 800 112 720 112 3 0 0
370 912 112 1008 112 3 0 0
370 1072 368 880 368 3 0 0
370 720 368 832 368 3 0 0
p 1120 240 1120 336 3 0 0 10000000
g 848 368 848 432 0 0
w 624 112 688 112 0
w 688 112 720 112 0
w 800 112 848 112 0
w 848 112 912 112 0
w 1008 112 1040 112 0
w 1040 240 1008 240 0
w 1072 336 1008 336 0
w 1072 336 1072 368 0
w 880 368 848 368 0
w 848 368 832 368 0
w 720 368 656 368 0
w 656 224 688 224 0
w 656 224 624 224 0
w 1072 336 1120 336 0
w 1072 240 1040 240 0
w 1072 240 1120 240 0
