$ 1 0.000005 10.20027730826997 29 5 50 5e-11
r 368 384 368 256 0 4000
r 368 192 368 80 0 40000
r 640 112 640 208 0 10000
r 640 320 640 384 0 1000
j 512 224 640 224 32 -4 0.00125
p 576 320 576 384 3 0 0 10000000
p 768 208 768 240 3 0 0 10000000
p 288 80 288 192 3 0 0 10000000
p 288 256 288 384 3 0 0 10000000
370 640 48 640 112 3 0 0
370 640 240 640 320 3 0 0
370 368 384 368 448 3 0 0
p 608 192 528 192 3 0 0 10000000
R 528 48 528 0 0 0 40 22 0 0 0.5
g 528 448 528 528 0 0
w 288 256 368 256 0
w 288 384 368 384 0
w 288 192 368 192 0
w 288 80 368 80 0
w 368 80 368 48 0
w 368 48 528 48 0
w 528 48 640 48 0
w 640 208 608 192 0
w 368 224 368 256 0
w 368 224 368 192 0
w 528 192 512 224 0
w 464 224 512 224 0
w 576 320 640 320 0
w 576 384 640 384 0
w 640 208 768 208 0
w 640 240 768 240 0
w 640 384 640 448 0
w 640 448 528 448 0
w 528 448 368 448 0
p 512 224 560 272 3 0 0 10000000
w 640 240 560 272 0
p 368 224 464 224 3 0 0 10000000
