$ 1 0.000005 14.235633750745258 55 5 50 5e-11
v 80 272 80 80 0 0 40 5 0 0 0.5
w 80 80 192 80 0
w 80 272 320 272 0
r -208 48 -208 176 0 1000
r -128 48 -128 176 0 1000
w -432 256 -208 256 0
w -208 256 -128 256 0
w -432 48 -208 48 0
w -208 48 -128 48 0
r 320 144 320 272 0 1000
v -432 48 -432 256 0 0 40 5 0 0 0.5
r 192 80 320 80 0 1000
w 320 80 320 144 0
p 192 32 320 32 3 0 0 10000000
p 368 144 368 272 3 0 0 10000000
370 -208 256 -208 176 3 0 0
370 -128 256 -128 176 3 0 0
w 192 80 192 32 0
w 320 32 320 80 0
w 320 144 368 144 0
w 320 272 368 272 0
