$ 1 0.000005 14.235633750745258 55 5 50 5e-11
r 240 80 240 144 0 1000
r 240 192 240 272 0 1000
v 80 272 80 80 0 0 40 5 0 0 0.5
w 80 80 240 80 0
w 80 272 240 272 0
w 240 144 240 192 0
r -112 64 -112 272 0 1000
r -32 64 -32 272 0 1000
r -256 64 -112 64 0 1000
v -256 64 -256 272 0 0 40 5 0 0 0.5
w -256 272 -112 272 0
w -112 272 -32 272 0
w -112 64 -32 64 0
r 432 32 432 160 0 1000
r 432 160 432 288 0 1000
w 432 288 560 288 0
w 432 32 320 32 0
w 432 288 320 288 0
v 320 32 320 288 0 0 40 5 0 0 0.5
w 432 160 560 160 0
w 432 32 560 32 0
